# H.264 deblocking filter demo dump（真实数据）
image ../../samples/camera_photo.ppm 300 200
qp 32 alpha 32 beta 9 bs 2
orig 163 162 166 171 167 161 166 159
recon 158 157 161 166 171 165 170 163
filt 158 157 161 168 169 167 170 163
flag1 1
edge_in 42 39 41 40 200 201 199 202
edge_out 42 39 41 40 200 201 199 202
flag2 0
alpha_curve 0 0 0 0 0 0 0 0 0 0 0 0 0 0 0 0 4 4 5 6 7 8 9 10 12 13 15 17 20 22 25 28 32 36 40 45 50 56 63 71 80 90 101 113 127 144 162 182 203 226 255 255
beta_curve 0 0 0 0 0 0 0 0 0 0 0 0 0 0 0 0 2 2 2 3 3 3 3 4 4 4 6 6 7 7 8 8 9 9 10 10 11 11 12 12 13 13 14 14 15 15 16 16 17 17 18 18
bs1 p0 168 q0 169
bs2 p0 168 q0 169
bs3 p0 168 q0 169
bs4 p0 163 q0 167
recon_row 155 156 153 157 158 152 155 164 161 154 155 150 158 157 161 166 171 165 170 163 161 163 166 168 168 165 176 163 162 172 165 169 165 168 155 164 164 164 166 162 165 165 167 165 160 162 164 167 172 164 171 163 162 171 169 173 165 159 168 169 168 171 171 166 159 157 159 162 162 164 157 156 150 165 164 158 166 158 163 162 167 166 169 164 171 165 172 168 169 168 161 162 160 166 160 170
orig_row 160 161 158 162 163 157 160 169 166 159 160 155 163 162 166 171 167 161 166 159 157 159 162 164 164 161 172 159 158 168 161 165 168 171 158 167 167 167 169 165 168 168 170 168 163 165 167 170 168 160 167 159 158 167 165 169 161 155 164 165 164 167 167 162 162 160 162 165 165 167 160 159 153 168 167 161 169 161 166 165 162 161 164 159 166 160 167 163 164 163 156 157 155 161 155 165
