# H.264 Intra_4x4 demo dump（真实数据）
image ../../../samples/camera_photo.ppm 300 200
block tex 108 29
top 222 217 214 212 209 217 217 217
left 216 113 111 108
topleft 213
orig
216 211 219 216
99 101 105 116
104 104 106 105
108 101 109 105
pred 0 1353
222 217 214 212
222 217 214 212
222 217 214 212
222 217 214 212
pred 1 81
216 216 216 216
113 113 113 113
111 111 111 111
108 108 108 108
pred 2 1015
177 177 177 177
177 177 177 177
177 177 177 177
177 177 177 177
pred 3 1323
218 214 212 212
214 212 212 215
212 212 215 217
212 215 217 217
pred 4 1009
216 219 218 214
190 216 219 218
138 190 216 219
111 138 190 216
pred 5 1256
218 220 216 213
216 219 218 214
190 218 220 216
138 216 219 218
pred 6 607
215 216 219 218
165 190 215 216
112 138 165 190
110 111 112 138
pred 7 1319
220 216 213 211
218 214 212 212
216 213 211 213
214 212 212 215
pred 8 398
165 138 112 111
112 111 110 109
110 109 108 108
108 108 108 108
best 1
block smooth 281 131
top 110 98 92 99 103 103 100 96
left 102 104 104 103
topleft 102
orig
102 102 100 102
103 103 93 102
102 100 98 106
101 104 102 105
pred 0 93
110 98 92 99
110 98 92 99
110 98 92 99
110 98 92 99
pred 1 37
102 102 102 102
104 104 104 104
104 104 104 104
103 103 103 103
pred 2 29
102 102 102 102
102 102 102 102
102 102 102 102
102 102 102 102
pred 3 62
100 95 98 102
95 98 102 102
98 102 102 100
102 102 100 97
pred 4 44
104 105 100 95
103 104 105 100
104 103 104 105
104 104 103 104
pred 5 69
106 104 95 96
104 105 100 95
103 106 104 95
104 104 105 100
pred 6 40
102 104 105 100
103 103 102 104
104 104 103 103
104 104 104 104
pred 7 62
104 95 96 101
100 95 98 102
95 96 101 103
95 98 102 102
pred 8 42
103 104 104 104
104 104 104 103
104 103 103 103
103 103 103 103
best 2
