# H.264 motion compensation demo dump（真实数据）
image ../../../samples/camera_photo.ppm 300 200
block 120 80 8 8
true_mv 5 3
sad int 4 4 116
sad half 6 4 75
sad qpel 5 3 0
current
178 178 182 183 174 175 178 182
174 176 178 181 179 181 175 176
175 173 175 179 172 177 180 173
179 178 175 180 181 172 176 179
173 174 173 177 176 175 169 172
170 173 174 173 173 171 170 171
172 172 173 173 174 171 171 175
174 175 170 172 173 174 174 175
pred_int
178 179 177 185 175 176 176 180
175 174 177 181 178 181 179 172
177 175 172 179 173 172 181 174
179 179 176 177 184 176 170 181
170 174 169 178 171 174 171 167
172 171 177 171 174 171 168 173
172 174 170 173 173 173 170 177
176 175 172 170 172 173 174 175
pred_half
176 177 182 181 174 176 178 181
172 175 180 179 179 182 174 176
175 172 176 177 170 177 178 174
178 177 175 182 182 170 176 178
171 171 174 175 172 174 168 169
169 175 174 172 174 169 170 175
172 172 171 173 174 170 174 174
174 174 170 171 173 173 175 172
pred_qpel
178 178 182 183 174 175 178 182
174 176 178 181 179 181 175 176
175 173 175 179 172 177 180 173
179 178 175 180 181 172 176 179
173 174 173 177 176 175 169 172
170 173 174 173 173 171 170 171
172 172 173 173 174 171 171 175
174 175 170 172 173 174 174 175
taps 103 107 179 179 176 185
sixtap b1 6033 half 189 qpel_a 184 G 179
mv_a 8 -4
mv_b 6 -3
mv_c 10 -6
mvp 8 -4
mvd 1 1
mv_final 9 -3
