# H.264 transform/quant demo dump（真实数据）
qP 16
residual
12 18 22 20
16 10 6 14
10 4 -2 8
6 0 -6 4
forward_W
142 8 38 -26
162 -62 -50 24
10 -28 -22 6
16 -26 -20 2
quant_c
9 0 2 -1
6 -1 -2 0
0 -1 -1 0
0 0 0 0
dequant_d
576 0 128 -80
480 -100 -160 0
0 -80 -64 0
0 0 0 0
recon_r
12 18 18 18
14 12 10 15
11 3 -1 8
5 -1 -3 5
max_err 4
dequant_qp 22 1152
1152 0 256 -160
960 -200 -320 0
0 -160 -128 0
0 0 0 0
dequant_qp 28 2304
2304 0 512 -320
1920 -400 -640 0
0 -320 -256 0
0 0 0 0
dequant_qp 34 4608
4608 0 1024 -640
3840 -800 -1280 0
0 -640 -512 0
0 0 0 0
int_identical 1
fp_max_err 1.421085e-14
