# H.264 运动估计：全搜索 vs 菱形搜索（真实图片，matplotlib 可读）
# image ../../samples/test_pattern.ppm 256x256  range 16  true_mv 5 -3
# columns: method block_id points sad mvx mvy bx by
Full 0 1089 424 -5 3 16 16
Diamond 0 30 424 -5 3 16 16
Full 1 1089 416 -5 3 48 16
Diamond 1 26 591 -1 5 48 16
Full 2 1089 432 -5 0 80 16
Diamond 2 26 432 -5 0 80 16
Full 3 1089 451 0 0 112 16
Diamond 3 13 451 0 0 112 16
Full 4 1089 427 -5 3 144 16
Diamond 4 30 427 -5 3 144 16
Full 5 1089 445 -5 0 176 16
Diamond 5 13 1635 0 0 176 16
Full 6 1089 426 -5 0 208 16
Diamond 6 26 426 -5 0 208 16
Full 7 1089 419 0 0 16 48
Diamond 7 13 419 0 0 16 48
Full 8 1089 440 -5 0 48 48
Diamond 8 13 1590 0 0 48 48
Full 9 1089 405 -5 3 80 48
Diamond 9 31 405 -5 3 80 48
Full 10 1089 430 -5 3 112 48
Diamond 10 26 602 -1 5 112 48
Full 11 1089 438 0 0 144 48
Diamond 11 13 438 0 0 144 48
Full 12 1089 446 -5 3 176 48
Diamond 12 30 446 -5 3 176 48
Full 13 1089 427 -5 0 208 48
Diamond 13 26 427 -5 0 208 48
Full 14 1089 454 0 0 16 80
Diamond 14 13 454 0 0 16 80
Full 15 1089 443 -5 0 48 80
Diamond 15 13 1589 0 0 48 80
Full 16 1089 455 -5 0 80 80
Diamond 16 26 455 -5 0 80 80
Full 17 1089 418 0 0 112 80
Diamond 17 13 418 0 0 112 80
Full 18 1089 449 -5 3 144 80
Diamond 18 26 1731 -1 5 144 80
Full 19 1089 461 -5 3 176 80
Diamond 19 26 1494 -1 5 176 80
Full 20 1089 480 -5 0 208 80
Diamond 20 26 480 -5 0 208 80
Full 21 1089 455 0 0 16 112
Diamond 21 13 455 0 0 16 112
Full 22 1089 447 -5 0 48 112
Diamond 22 13 1597 0 0 48 112
Full 23 1089 443 -5 0 80 112
Diamond 23 26 443 -5 0 80 112
Full 24 1089 438 0 0 112 112
Diamond 24 13 438 0 0 112 112
Full 25 1089 418 0 0 144 112
Diamond 25 13 418 0 0 144 112
Full 26 1089 427 -5 0 176 112
Diamond 26 13 1629 0 0 176 112
Full 27 1089 440 -5 3 208 112
Diamond 27 31 440 -5 3 208 112
Full 28 1089 436 0 0 16 144
Diamond 28 13 436 0 0 16 144
Full 29 1089 425 -5 0 48 144
Diamond 29 13 1569 0 0 48 144
Full 30 1089 436 -5 0 80 144
Diamond 30 26 436 -5 0 80 144
Full 31 1089 436 0 0 112 144
Diamond 31 13 436 0 0 112 144
Full 32 1089 436 0 0 144 144
Diamond 32 13 436 0 0 144 144
Full 33 1089 445 -5 3 176 144
Diamond 33 30 445 -5 3 176 144
Full 34 1089 462 -5 3 208 144
Diamond 34 31 462 -5 3 208 144
Full 35 1089 429 0 0 16 176
Diamond 35 13 429 0 0 16 176
Full 36 1089 473 -5 0 48 176
Diamond 36 26 473 -5 0 48 176
Full 37 1089 438 -5 0 80 176
Diamond 37 26 438 -5 0 80 176
Full 38 1089 475 0 0 112 176
Diamond 38 13 475 0 0 112 176
Full 39 1089 434 0 0 144 176
Diamond 39 13 434 0 0 144 176
Full 40 1089 436 -5 3 176 176
Diamond 40 30 436 -5 3 176 176
Full 41 1089 442 -5 3 208 176
Diamond 41 31 442 -5 3 208 176
Full 42 1089 419 0 0 16 208
Diamond 42 13 419 0 0 16 208
Full 43 1089 448 -5 0 48 208
Diamond 43 13 1586 0 0 48 208
Full 44 1089 450 -5 0 80 208
Diamond 44 26 450 -5 0 80 208
Full 45 1089 406 0 0 112 208
Diamond 45 13 406 0 0 112 208
Full 46 1089 417 0 0 144 208
Diamond 46 13 417 0 0 144 208
Full 47 1089 416 -5 3 176 208
Diamond 47 31 416 -5 3 176 208
Full 48 1089 433 -5 3 208 208
Diamond 48 31 433 -5 3 208 208
[summary]
blocks 49
full_avg_points 1089.000
diamond_avg_points 20.653
full_avg_sad 437.673
diamond_avg_sad 657.714
speedup_x 52.728
diamond_sad_ratio 1.5028
diamond_mv_hit 38 49
