# H.264 rate control demo: fixed-QP vs CBR
# target_bitrate_kbps 2000  fps 30  init_qp 28
# target_bits_per_frame 66666.7
# columns: frame mode qp bits buffer
# (fixed 模式 buffer 恒为 0，仅占位)
0 fixed 28 40000 0
1 fixed 28 50547 0
2 fixed 28 58512 0
3 fixed 28 61944 0
4 fixed 28 60004 0
5 fixed 28 53166 0
6 fixed 28 43104 0
7 fixed 28 32282 0
8 fixed 28 23350 0
9 fixed 28 18494 0
10 fixed 28 53903 0
11 fixed 28 59478 0
12 fixed 28 68852 0
13 fixed 28 79732 0
14 fixed 28 89453 0
15 fixed 28 95635 0
16 fixed 28 96765 0
17 fixed 28 92566 0
18 fixed 28 49066 0
19 fixed 28 38346 0
20 fixed 28 28031 0
21 fixed 28 20646 0
22 fixed 28 2000 0
23 fixed 28 2000 0
24 fixed 28 2000 0
25 fixed 28 10540 0
26 fixed 28 49243 0
27 fixed 28 57683 0
28 fixed 28 61793 0
29 fixed 28 60567 0
0 cbr 26 50396 1983729
1 cbr 27 56737 1973800
2 cbr 27 65677 1972810
3 cbr 28 61944 1968087
4 cbr 27 67352 1968773
5 cbr 27 59677 1961783
6 cbr 26 54308 1949424
7 cbr 25 45654 1928412
8 cbr 23 41605 1903350
9 cbr 22 36988 1873671
10 cbr 27 60504 1867509
11 cbr 27 66761 1867603
12 cbr 28 68852 1869788
13 cbr 28 79732 1882854
14 cbr 29 79694 1895881
15 cbr 29 85201 1914415
16 cbr 29 86208 1933957
17 cbr 29 82467 1949757
18 cbr 26 61820 1944910
19 cbr 25 54230 1932474
20 cbr 24 44497 1910304
21 cbr 23 36788 1880425
22 cbr 12 12699 1826458
23 cbr 12 12699 1772490
24 cbr 12 12699 1718522
25 cbr 19 29814 1681670
26 cbr 25 69641 1684644
27 cbr 26 72676 1690653
28 cbr 26 77854 1701841
29 cbr 26 76310 1711484
